 Murakami, Lee & Ha Paper
# Higher Order Asymptotic Approximations of Kruskal-Wallis Statistics
# Based on Skewness and Kurtosis
##########################################################################################

==========================================================================================
Table 4.1: Three groups, balanced (3, 3, 3), alpha = 0.10
==========================================================================================

Sample sizes: n1=3, n2=3, n3=3
Total N = 9, k = 3
Critical value P (E-Q) = 4.62222

------------------------------------------------------------------------------------------------------
    n1,n2,n3    P(E-Q)       E-P       SD1       SD2      SDC1      SDC2        ED      GC-A    PAG(4)
------------------------------------------------------------------------------------------------------
       3,3,3  4.622220  0.100000  0.075477  0.076456  0.114183  0.114840  0.074233  0.074233  0.093297
------------------------------------------------------------------------------------------------------

==========================================================================================
Tables 4.2-4.3: Three groups, increasing n, alpha = 0.10 and 0.05
==========================================================================================

--- alpha = 0.1 ---

    n1,n2,n3     N       E-Q       E-P       CHI       SD1      SDC1        ED    PAG(4)    PAG(6)
--------------------------------------------------------------------------------------------------
       3,3,3     9  4.622222  0.100000  0.099151  0.075477  0.114183  0.074232  0.093297  0.088230
       4,4,4    12  4.500000  0.104242  0.105399  0.097377  0.136668  0.091661  0.103998  0.102235
       5,5,5    15  4.500000  0.101502  0.105399  0.104423  0.142312  0.093195  0.104617  0.103664
       6,6,6    18  4.753961 0.091300*  0.092830  0.119128  0.148896  0.074191  0.101981  0.100000
       7,7,7    21  4.716870 0.091900*  0.094568  0.120136  0.150328  0.075150  0.102525  0.100000
       8,8,8    24  4.688717 0.093000*  0.095909  0.120914  0.151433  0.075897  0.102946  0.100000
       9,9,9    27  4.666622 0.094700*  0.096974  0.121532  0.152311  0.076496  0.103282  0.100000
    10,10,10    30  4.648821 0.101300*  0.097841  0.122035  0.153027  0.076986  0.103556  0.100000
--------------------------------------------------------------------------------------------------
  * E-P column: simulation-based (10,000 iterations) for N > 15

--- alpha = 0.05 ---

    n1,n2,n3     N       E-Q       E-P       CHI       SD1      SDC1        ED    PAG(4)    PAG(6)
--------------------------------------------------------------------------------------------------
       3,3,3     9  5.600000  0.050000  0.060810  0.030461  0.049220  0.026507  0.044044  0.037740
       4,4,4    12  5.653846  0.054545  0.059195  0.041120  0.060538  0.036558  0.049773  0.046012
       5,5,5    15  5.660000  0.050917  0.059013  0.047694  0.067586  0.041828  0.052665  0.049890
       6,6,6    18  5.316409 0.061900*  0.070074  0.091677  0.115778  0.054080  0.078752  0.050000
       7,7,7    21  5.267534 0.068300*  0.071807  0.092841  0.117375  0.054654  0.079373  0.050000
       8,8,8    24  5.230485 0.071600*  0.073150  0.093739  0.118610  0.055116  0.079855  0.050000
       9,9,9    27  5.201439 0.068500*  0.074220  0.094454  0.119593  0.055495  0.080239  0.050000
    10,10,10    30  5.178058 0.068500*  0.075093  0.095035  0.120394  0.055811  0.080553  0.050000
--------------------------------------------------------------------------------------------------
  * E-P column: simulation-based (10,000 iterations) for N > 15

==========================================================================================
Table 4.4: Three groups, larger n (simulation-based benchmarks)
==========================================================================================

--- alpha = 0.10 ---

    n1,n2,n3     N    CHI-CV       CHI       SD1      SDC1        ED    PAG(4)    PAG(6)
----------------------------------------------------------------------------------------
    15,15,15    45  4.605170  0.100000  0.122990  0.154523  0.077926  0.103886  0.098831
    20,20,20    60  4.605170  0.100000  0.122206  0.153761  0.077154  0.102942  0.095716
    25,25,25    75  4.605170  0.100000  0.121729  0.153298  0.076688  0.102367  0.093808
    30,30,30    90  4.605170  0.100000  0.121409  0.152986  0.076376  0.101980  0.092519
    40,40,40   120  4.605170  0.100000  0.121006  0.152594  0.075985  0.101492  0.090889
    50,50,50   150  4.605170  0.100000  0.120762  0.152356  0.075750  0.101197  0.089900
----------------------------------------------------------------------------------------

==========================================================================================
Table 4.5: Four groups (3, 2, 2, 5), alpha = 0.10
==========================================================================================

Sample sizes: [3, 2, 2, 5]
Total N = 12, k = 4
Test statistic H = 5.587179

------------------------------------------------------------------------------------
        Config   E-P/Sim       SD1       SD2      SDC1      SDC2       CHI    PAG(4)
------------------------------------------------------------------------------------
       3,2,2,5  0.113564  0.105404  0.105038  0.149549  0.149155  0.133516  0.122448
------------------------------------------------------------------------------------

Paper reference values:
  SD1: 0.105404 (Code: 0.105404) OK
  CHI: 0.133516 (Code: 0.133516) OK

==========================================================================================
Tables 4.6-4.7: Additional four-group designs, alpha = 0.10 and 0.05
==========================================================================================

--- alpha = 0.1 ---

        Config     N       E-Q       E-P       CHI       SD1      SDC1    PAG(4)    PAG(6)
------------------------------------------------------------------------------------------
       2,2,2,2     8  5.500000  0.114286  0.138639  0.138639  0.171797  0.111155  0.083638
       3,2,2,3    10  5.727273  0.100159  0.125660  0.088900  0.131844  0.107358  0.093691
       3,2,2,5    12  5.753846  0.100697  0.124220  0.093153  0.133553  0.109882  0.098391
       4,3,3,5    15  5.941357 0.103800*  0.114498  0.138938  0.168021  0.125994  0.100000
       5,4,4,5    18  5.890197 0.113800*  0.117076  0.140416  0.170003  0.126955  0.100000
       3,3,3,3    12  5.974359  0.102727  0.112864  0.085674  0.121424  0.100153  0.094231
       4,4,4,4    16  5.924701 0.106000*  0.115332  0.139416  0.168661  0.126304  0.100000
       5,5,5,5    20  5.863175 0.113800*  0.118460  0.141209  0.171068  0.127474  0.100000
------------------------------------------------------------------------------------------
  * E-P column: simulation-based (10,000 iterations) for large N

--- alpha = 0.05 ---

        Config     N       E-Q       E-P       CHI       SD1      SDC1    PAG(4)    PAG(6)
------------------------------------------------------------------------------------------
       2,2,2,2     8  6.000000  0.066667  0.111610  0.111610  0.138639  0.067565  0.044316
       3,2,2,3    10  6.472727  0.052381  0.090744  0.045660  0.072132  0.058962  0.047108
       3,2,2,5    12  6.656410  0.051058  0.083694  0.044941  0.068141  0.056771  0.046692
       4,3,3,5    15  6.505277 0.072600*  0.089455  0.111195  0.135533  0.100514  0.050000
       5,4,4,5    18  6.441248 0.083600*  0.092009  0.112802  0.137646  0.101542  0.050000
       3,3,3,3    12  6.897436  0.050195  0.075240  0.041934  0.062450  0.052934  0.047311
       4,4,4,4    16  6.484424 0.076600*  0.090279  0.111714  0.136215  0.100846  0.050000
       5,5,5,5    20  6.407456 0.084800*  0.093385  0.113667  0.138782  0.102098  0.050000
------------------------------------------------------------------------------------------
  * E-P column: simulation-based (10,000 iterations) for large N

==========================================================================================
Random Three-Group Designs (n=10)
==========================================================================================
        Config     N    H(10%)       E-P       CHI       SD1      SDC1    PAG(4)    PAG(6)
------------------------------------------------------------------------------------------
         8,2,3    13  4.447802  0.100544  0.108186  0.091657  0.132990  0.104679  0.099086
        10,7,4    21  4.712884 0.091400*  0.094757  0.120246  0.150483  0.102584  0.100000
         3,4,2     9  4.444444  0.101587  0.108368  0.083500  0.126981  0.103230  0.095322
        10,4,4    18  4.746693 0.088400*  0.093168  0.119324  0.149174  0.102087  0.100000
         4,7,8    19  4.737320 0.086000*  0.093606  0.119578  0.149535  0.102224  0.100000
         3,3,7    13  4.521193  0.100583  0.104288  0.093524  0.132556  0.102077  0.099530
         7,3,5    15  4.506667  0.100572  0.105048  0.100890  0.139048  0.103719  0.102203
         8,3,2    13  4.447802  0.100544  0.108186  0.091657  0.132990  0.104679  0.099086
         3,6,2    11  4.545455  0.100866  0.103031  0.082108  0.121603  0.097609  0.090664
         5,9,3    17  4.760214 0.091500*  0.092541  0.118959  0.148657  0.101891  0.100000
------------------------------------------------------------------------------------------
  * E-P column: simulation-based (10,000 iterations) for N > 15

==========================================================================================
Random Four-Group Designs (n=10)
==========================================================================================
          Config     N    H(10%)       E-P       CHI       SD1      SDC1    PAG(4)    PAG(6)
--------------------------------------------------------------------------------------------
         3,8,4,2    17  5.891238 0.104400*  0.117023  0.140386  0.169962  0.126935  0.100000
         4,7,7,2    20  5.851545 0.109300*  0.119061  0.141553  0.171531  0.127699  0.100000
         2,4,4,7    17  5.895065 0.101900*  0.116829  0.140274  0.169812  0.126862  0.100000
         6,7,5,4    22  5.838785 0.113000*  0.119723  0.141933  0.172041  0.127949  0.100000
         4,3,2,6    15  5.932476 0.101000*  0.114942  0.139192  0.168362  0.126159  0.100000
         5,4,4,6    19  5.875044 0.108600*  0.117850  0.140860  0.170599  0.127245  0.100000
         5,8,6,2    21  5.840414 0.105300*  0.119638  0.141884  0.171975  0.127917  0.100000
         2,8,2,3    15  5.918589 0.095800*  0.115639  0.139592  0.168897  0.126418  0.100000
         8,5,3,4    20  5.857831 0.111100*  0.118736  0.141367  0.171280  0.127577  0.100000
         7,5,7,6    25  5.811804 0.119100*  0.121134  0.142742  0.173129  0.128482  0.100000
--------------------------------------------------------------------------------------------
  * E-P column: simulation-based (10,000 iterations) for N > 13

==========================================================================================
Random 5-Group Designs (n=10)
==========================================================================================
              Config     N    H(10%)       CHI       SD1      SDC1    PAG(4)    PAG(6)
--------------------------------------------------------------------------------------
           3,4,4,4,3    18  6.968217  0.137577  0.158407  0.187837  0.147562  0.100000
           2,5,3,5,2    17  6.973029  0.137320  0.158262  0.187648  0.147458  0.100000
           5,6,4,4,6    25  6.889792  0.141828  0.160802  0.190966  0.149297  0.100000
           6,6,5,5,2    24  6.893272  0.141637  0.160695  0.190825  0.149219  0.100000
           6,2,5,2,3    18  6.955785  0.138243  0.158782  0.188326  0.147832  0.100000
           5,5,6,5,6    27  6.875049  0.142640  0.161261  0.191565  0.149631  0.100000
           3,2,5,4,4    18  6.963099  0.137851  0.158561  0.188038  0.147673  0.100000
           3,4,3,6,6    22  6.914953  0.140451  0.160026  0.189951  0.148733  0.100000
           3,2,6,4,6    21  6.921545  0.140093  0.159824  0.189687  0.148586  0.100000
           5,2,3,5,2    17  6.973029  0.137320  0.158262  0.187648  0.147458  0.100000
--------------------------------------------------------------------------------------
  * Note: Exact Probabilities are not shown for k>=5 due to computational cost

==========================================================================================
Comprehensive Random Study
==========================================================================================
Generating 5 random designs per category

[Category 1] Balanced 3-group designs:
  1. [10, 10, 10] (N=30)
  2. [5, 5, 5] (N=15)
  3. [10, 10, 10] (N=30)
  4. [4, 4, 4] (N=12)
  5. [11, 11, 11] (N=33)

[Category 2] Unbalanced 3-group designs:
  1. [4, 9, 2] (N=15)
  2. [10, 5, 8] (N=23)
  3. [8, 6, 6] (N=20)
  4. [7, 4, 10] (N=21)
  5. [5, 10, 3] (N=18)

[Category 3] Balanced 4-group designs:
  1. [3, 3, 3, 3] (N=12)
  2. [5, 5, 5, 5] (N=20)
  3. [4, 4, 4, 4] (N=16)
  4. [4, 4, 4, 4] (N=16)
  5. [2, 2, 2, 2] (N=8)

[Category 4] Unbalanced 4-group designs:
  1. [3, 7, 5, 5] (N=20)
  2. [6, 3, 3, 2] (N=14)
  3. [3, 3, 6, 5] (N=17)
  4. [4, 5, 8, 7] (N=24)
  5. [2, 3, 2, 3] (N=10)

[Category 5] 5-group designs:
  1. [2, 5, 5, 5, 4] (N=21)
  2. [6, 3, 6, 5, 3] (N=23)
  3. [4, 4, 6, 4, 2] (N=20)
  4. [6, 4, 2, 5, 2] (N=19)
  5. [2, 2, 2, 4, 4] (N=14)

==========================================================================================
Results for All Random Designs (alpha = 0.10)
==========================================================================================
  Category            Config     N       E-P       CHI       SD1    PAG(6)
--------------------------------------------------------------------------
     3-bal          10,10,10    30 0.100000*  0.097841  0.122035  0.100000
     3-bal             5,5,5    15  0.101502  0.105399  0.104423  0.103664
     3-bal          10,10,10    30 0.100000*  0.097841  0.122035  0.100000
     3-bal             4,4,4    12  0.104242  0.105399  0.097377  0.102235
     3-bal          11,11,11    33 0.100000*  0.098560  0.122451  0.100000
   3-unbal             4,9,2    15  0.100806  0.106725  0.095122  0.099028
   3-unbal            10,5,8    23 0.100000*  0.095588  0.120728  0.100000
   3-unbal             8,6,6    20 0.100000*  0.094066  0.119845  0.100000
   3-unbal            7,4,10    21 0.100000*  0.094757  0.120246  0.100000
   3-unbal            5,10,3    18 0.100000*  0.093281  0.119389  0.100000
     4-bal           3,3,3,3    12  0.102727  0.112864  0.085674  0.094231
     4-bal           5,5,5,5    20 0.100000*  0.118460  0.141209  0.100000
     4-bal           4,4,4,4    16 0.100000*  0.115332  0.139416  0.100000
     4-bal           4,4,4,4    16 0.100000*  0.115332  0.139416  0.100000
     4-bal           2,2,2,2     8  0.114286  0.138639  0.138639  0.083638
   4-unbal           3,7,5,5    20 0.100000*  0.118654  0.141320  0.100000
   4-unbal           6,3,3,2    14 0.100000*  0.113892  0.138589  0.100000
   4-unbal           3,3,6,5    17 0.100000*  0.116504  0.140088  0.100000
   4-unbal           4,5,8,7    24 0.100000*  0.120768  0.142532  0.100000
   4-unbal           2,3,2,3    10  0.100159  0.125660  0.088900  0.093691
     5-grp         2,5,5,5,4    21 0.100000*  0.139957  0.159748  0.100000
     5-grp         6,3,6,5,3    23 0.100000*  0.140993  0.160332  0.100000
     5-grp         4,4,6,4,2    20 0.100000*  0.139340  0.159400  0.100000
     5-grp         6,4,2,5,2    19 0.100000*  0.138953  0.159182  0.100000
     5-grp         2,2,2,4,4    14 0.100000*  0.134217  0.156515  0.100000
--------------------------------------------------------------------------
  * E-P column shows pam6 values when exact computation is skipped due to large N/k

==========================================================================================
All tables reproduced successfully!
==========================================================================================