##########################################################################################
# Reproducing Results from Murakami, Lee & Ha Paper
# Higher Order Asymptotic Approximations of Kruskal-Wallis Statistics
# Based on Skewness and Kurtosis
##########################################################################################

==========================================================================================
Table 4.1: Three groups, balanced (3, 3, 3), alpha = 0.10
==========================================================================================

Sample sizes: n1=3, n2=3, n3=3
Total N = 9, k = 3
Critical value P (E-Q) = 4.62222

------------------------------------------------------------------------------------------------------
    n1,n2,n3    P(E-Q)       E-P       SD1       SD2      SDC1      SDC2        ED      GC-A    PAG(4)
------------------------------------------------------------------------------------------------------
       3,3,3  4.622220  0.100000  0.075477  0.076456  0.114183  0.114840  0.074233  0.074233  0.093297
------------------------------------------------------------------------------------------------------

==========================================================================================
Tables 4.2-4.3: Three groups, increasing n, alpha = 0.10 and 0.05
==========================================================================================

--- alpha = 0.1 ---

    n1,n2,n3     N       E-Q       E-P       CHI       SD1      SDC1        ED    PAG(4)    PAG(6)
--------------------------------------------------------------------------------------------------
       3,3,3     9  4.622222  0.100000  0.099151  0.075477  0.114183  0.074232  0.093297  0.088230
       4,4,4    12  4.500000  0.104242  0.105399  0.097377  0.136668  0.091661  0.103998  0.102235
       5,5,5    15  4.500000  0.101502  0.105399  0.104423  0.142312  0.093195  0.104617  0.103664
       6,6,6    18  4.753961 0.087200*  0.092830  0.119128  0.148896  0.074191  0.101981  0.100000
       7,7,7    21  4.716870 0.090600*  0.094568  0.120136  0.150328  0.075150  0.102525  0.100000
       8,8,8    24  4.688717 0.091600*  0.095909  0.120914  0.151433  0.075897  0.102946  0.100000
       9,9,9    27  4.666622 0.092300*  0.096974  0.121532  0.152311  0.076496  0.103282  0.100000
    10,10,10    30  4.648821 0.095300*  0.097841  0.122035  0.153027  0.076986  0.103556  0.100000
--------------------------------------------------------------------------------------------------
  * E-P column: simulation-based (10,000 iterations) for N > 15

--- alpha = 0.05 ---

    n1,n2,n3     N       E-Q       E-P       CHI       SD1      SDC1        ED    PAG(4)    PAG(6)
--------------------------------------------------------------------------------------------------
       3,3,3     9  5.600000  0.050000  0.060810  0.030461  0.049220  0.026507  0.044044  0.037740
       4,4,4    12  5.653846  0.054545  0.059195  0.041120  0.060538  0.036558  0.049773  0.046012
       5,5,5    15  5.660000  0.050917  0.059013  0.047694  0.067586  0.041828  0.052665  0.049890
       6,6,6    18  5.316409 0.063100*  0.070074  0.091677  0.115778  0.054080  0.078752  0.050000
       7,7,7    21  5.267534 0.067800*  0.071807  0.092841  0.117375  0.054654  0.079373  0.050000
       8,8,8    24  5.230485 0.068000*  0.073150  0.093739  0.118610  0.055116  0.079855  0.050000
       9,9,9    27  5.201439 0.072200*  0.074220  0.094454  0.119593  0.055495  0.080239  0.050000
    10,10,10    30  5.178058 0.071300*  0.075093  0.095035  0.120394  0.055811  0.080553  0.050000
--------------------------------------------------------------------------------------------------
  * E-P column: simulation-based (10,000 iterations) for N > 15

==========================================================================================
Table 4.4: Three groups, larger n (simulation-based benchmarks)
==========================================================================================

--- alpha = 0.10 ---

    n1,n2,n3     N    CHI-CV       CHI       SD1      SDC1        ED    PAG(4)    PAG(6)
----------------------------------------------------------------------------------------
    15,15,15    45  4.605170  0.100000  0.122990  0.154523  0.077926  0.103886  0.098831
    20,20,20    60  4.605170  0.100000  0.122206  0.153761  0.077154  0.102942  0.095716
    25,25,25    75  4.605170  0.100000  0.121729  0.153298  0.076688  0.102367  0.093808
    30,30,30    90  4.605170  0.100000  0.121409  0.152986  0.076376  0.101980  0.092519
    40,40,40   120  4.605170  0.100000  0.121006  0.152594  0.075985  0.101492  0.090889
    50,50,50   150  4.605170  0.100000  0.120762  0.152356  0.075750  0.101197  0.089900
----------------------------------------------------------------------------------------

==========================================================================================
Table 4.5: Four groups (3, 2, 2, 5), alpha = 0.10
==========================================================================================

Sample sizes: [3, 2, 2, 5]
Total N = 12, k = 4
Test statistic H = 5.587179

------------------------------------------------------------------------------------
        Config   E-P/Sim       SD1       SD2      SDC1      SDC2       CHI    PAG(4)
------------------------------------------------------------------------------------
       3,2,2,5  0.113564  0.105404  0.105038  0.149549  0.149155  0.133516  0.122448
------------------------------------------------------------------------------------

Paper reference values:
  SD1: 0.105404 (Code: 0.105404) OK
  CHI: 0.133516 (Code: 0.133516) OK

==========================================================================================
Tables 4.6-4.7: Additional four-group designs, alpha = 0.10 and 0.05
==========================================================================================

--- alpha = 0.1 ---

        Config     N       E-Q       E-P       CHI       SD1      SDC1    PAG(4)    PAG(6)
------------------------------------------------------------------------------------------
       2,2,2,2     8  5.500000  0.114286  0.138639  0.138639  0.171797  0.111155  0.083638
       3,2,2,3    10  5.727273  0.100159  0.125660  0.088900  0.131844  0.107358  0.093691
       3,2,2,5    12  5.753846  0.100697  0.124220  0.093153  0.133553  0.109882  0.098391
       4,3,3,5    15  5.941357 0.105000*  0.114498  0.138938  0.168021  0.125994  0.100000
       5,4,4,5    18  5.890197 0.111900*  0.117076  0.140416  0.170003  0.126955  0.100000
       3,3,3,3    12  5.974359  0.102727  0.112864  0.085674  0.121424  0.100153  0.094231
       4,4,4,4    16  5.924701 0.103300*  0.115332  0.139416  0.168661  0.126304  0.100000
       5,5,5,5    20  5.863175 0.112000*  0.118460  0.141209  0.171068  0.127474  0.100000
------------------------------------------------------------------------------------------
  * E-P column: simulation-based (10,000 iterations) for large N

--- alpha = 0.05 ---

        Config     N       E-Q       E-P       CHI       SD1      SDC1    PAG(4)    PAG(6)
------------------------------------------------------------------------------------------
       2,2,2,2     8  6.000000  0.066667  0.111610  0.111610  0.138639  0.067565  0.044316
       3,2,2,3    10  6.472727  0.052381  0.090744  0.045660  0.072132  0.058962  0.047108
       3,2,2,5    12  6.656410  0.051058  0.083694  0.044941  0.068141  0.056771  0.046692
       4,3,3,5    15  6.505277 0.076500*  0.089455  0.111195  0.135533  0.100514  0.050000
       5,4,4,5    18  6.441248 0.080300*  0.092009  0.112802  0.137646  0.101542  0.050000
       3,3,3,3    12  6.897436  0.050195  0.075240  0.041934  0.062450  0.052934  0.047311
       4,4,4,4    16  6.484424 0.079700*  0.090279  0.111714  0.136215  0.100846  0.050000
       5,5,5,5    20  6.407456 0.078000*  0.093385  0.113667  0.138782  0.102098  0.050000
------------------------------------------------------------------------------------------
  * E-P column: simulation-based (10,000 iterations) for large N

==========================================================================================
Random Three-Group Designs (n=10, seed=42)
==========================================================================================
        Config     N    H(10%)       E-P       CHI       SD1      SDC1    PAG(4)    PAG(6)
------------------------------------------------------------------------------------------
         3,2,6    11  4.545455  0.100866  0.103031  0.082108  0.121603  0.097609  0.090664
         5,5,4    14  4.520000  0.100931  0.104350  0.100864  0.138791  0.103255  0.101995
        3,10,3    16  4.769224 0.087500*  0.092125  0.118718  0.148315  0.101761  0.100000
         8,2,2    12  4.461538  0.101010  0.107446  0.081437  0.123779  0.101010  0.090530
         3,5,5    13  4.536264  0.101981  0.103505  0.096019  0.134186  0.101727  0.099770
       10,2,10    22  4.689454 0.089600*  0.095873  0.120894  0.151403  0.102935  0.100000
        5,10,8    23  4.695412 0.086600*  0.095588  0.120728  0.151168  0.102845  0.100000
         5,9,6    20  4.726241 0.089100*  0.094126  0.119880  0.149963  0.102386  0.100000
         2,4,8    14  4.485714  0.100122  0.106155  0.093538  0.133019  0.102779  0.097972
         7,6,4    17  4.766763 0.087800*  0.092238  0.118783  0.148408  0.101797  0.100000
------------------------------------------------------------------------------------------
  * E-P column: simulation-based (10,000 iterations) for N > 15

==========================================================================================
Random Four-Group Designs (n=10, seed=42)
==========================================================================================
          Config     N    H(10%)       E-P       CHI       SD1      SDC1    PAG(4)    PAG(6)
--------------------------------------------------------------------------------------------
         7,2,2,7    18  5.868958 0.099800*  0.118163  0.141039  0.170839  0.127362  0.100000
         4,3,3,3    13  6.000000  0.100095  0.111610  0.087821  0.122511  0.100477  0.095217
         7,2,7,7    23  5.820208 0.109700*  0.120693  0.142489  0.172789  0.128315  0.100000
         6,2,6,5    19  5.866371 0.101900*  0.118296  0.141115  0.170941  0.127412  0.100000
         2,2,2,3     9  5.577778  0.106349  0.134060  0.106507  0.146907  0.113004  0.093622
         3,6,6,2    17  5.893674 0.099200*  0.116899  0.140314  0.169867  0.126889  0.100000
         6,3,7,7    23  5.826309 0.114100*  0.120373  0.142306  0.172542  0.128194  0.100000
         7,6,5,3    21  5.847396 0.110000*  0.119275  0.141677  0.171696  0.127780  0.100000
         5,6,4,8    23  5.828190 0.116300*  0.120275  0.142250  0.172467  0.128157  0.100000
         8,2,8,8    26  5.794558 0.111600*  0.122045  0.143264  0.173832  0.128827  0.100000
--------------------------------------------------------------------------------------------
  * E-P column: simulation-based (10,000 iterations) for N > 13

==========================================================================================
Random 5-Group Designs (n=10, seed=42)
==========================================================================================
              Config     N    H(10%)       CHI       SD1      SDC1    PAG(4)    PAG(6)
--------------------------------------------------------------------------------------
           2,2,4,3,3    14  7.036577  0.133968  0.156375  0.185190  0.146104  0.100000
           3,2,6,2,6    19  6.940518  0.139065  0.159245  0.188931  0.148167  0.100000
           5,2,2,2,3    14  7.029906  0.134316  0.156571  0.185445  0.146244  0.100000
           3,6,6,2,6    23  6.900492  0.141241  0.160471  0.190533  0.149056  0.100000
           3,6,5,3,5    22  6.915546  0.140419  0.160008  0.189927  0.148720  0.100000
           6,4,2,3,5    20  6.934113  0.139411  0.159440  0.189185  0.148308  0.100000
           4,4,3,3,4    18  6.968217  0.137577  0.158407  0.187837  0.147562  0.100000
           2,2,5,2,4    15  7.007221  0.135507  0.157241  0.186318  0.146724  0.100000
           4,6,4,2,5    21  6.923413  0.139991  0.159767  0.189612  0.148545  0.100000
           6,2,5,2,6    21  6.917185  0.140330  0.159958  0.189861  0.148683  0.100000
--------------------------------------------------------------------------------------
  * Note: Exact Probabilities are not shown for k>=5 due to computational cost

==========================================================================================
Comprehensive Random Study
==========================================================================================
Generating 5 random designs per category (seed=123)

[Category 1] Balanced 3-group designs:
  1. [3, 3, 3] (N=9)
  2. [7, 7, 7] (N=21)
  3. [4, 4, 4] (N=12)
  4. [9, 9, 9] (N=27)
  5. [7, 7, 7] (N=21)

[Category 2] Unbalanced 3-group designs:
  1. [3, 2, 8] (N=13)
  2. [10, 10, 7] (N=27)
  3. [7, 2, 4] (N=13)
  4. [4, 7, 10] (N=21)
  5. [7, 5, 4] (N=16)

[Category 3] Balanced 4-group designs:
  1. [2, 2, 2, 2] (N=8)
  2. [5, 5, 5, 5] (N=20)
  3. [8, 8, 8, 8] (N=32)
  4. [2, 2, 2, 2] (N=8)
  5. [6, 6, 6, 6] (N=24)

[Category 4] Unbalanced 4-group designs:
  1. [5, 2, 2, 4] (N=13)
  2. [7, 5, 2, 2] (N=16)
  3. [2, 7, 3, 3] (N=15)
  4. [8, 2, 4, 5] (N=19)
  5. [6, 5, 4, 5] (N=20)

[Category 5] 5-group designs:
  1. [2, 4, 4, 6, 5] (N=21)
  2. [3, 6, 6, 6, 4] (N=25)
  3. [2, 5, 6, 5, 6] (N=24)
  4. [6, 5, 6, 5, 4] (N=26)
  5. [6, 2, 3, 2, 5] (N=18)

==========================================================================================
Results for All Random Designs (alpha = 0.10)
==========================================================================================
  Category            Config     N       E-P       CHI       SD1    PAG(6)
--------------------------------------------------------------------------
     3-bal             3,3,3     9  0.100000  0.099151  0.075477  0.088230
     3-bal             7,7,7    21 0.100000*  0.094568  0.120136  0.100000
     3-bal             4,4,4    12  0.104242  0.105399  0.097377  0.102235
     3-bal             9,9,9    27 0.100000*  0.096974  0.121532  0.100000
     3-bal             7,7,7    21 0.100000*  0.094568  0.120136  0.100000
   3-unbal             3,2,8    13  0.100544  0.108186  0.091657  0.099086
   3-unbal           10,10,7    27 0.100000*  0.096996  0.121545  0.100000
   3-unbal             7,2,4    13  0.101632  0.104043  0.089727  0.094764
   3-unbal            4,7,10    21 0.100000*  0.094757  0.120246  0.100000
   3-unbal             7,5,4    16 0.100000*  0.091469  0.118337  0.100000
     4-bal           2,2,2,2     8  0.114286  0.138639  0.138639  0.083638
     4-bal           5,5,5,5    20 0.100000*  0.118460  0.141209  0.100000
     4-bal           8,8,8,8    32 0.100000*  0.123536  0.144119  0.100000
     4-bal           2,2,2,2     8  0.114286  0.138639  0.138639  0.083638
     4-bal           6,6,6,6    24 0.100000*  0.120658  0.142469  0.100000
   4-unbal           5,2,2,4    13  0.100174  0.123217  0.095748  0.100027
   4-unbal           7,5,2,2    16 0.100000*  0.116408  0.140033  0.100000
   4-unbal           2,7,3,3    15 0.100000*  0.115141  0.139306  0.100000
   4-unbal           8,2,4,5    19 0.100000*  0.118407  0.141179  0.100000
   4-unbal           6,5,4,5    20 0.100000*  0.118503  0.141234  0.100000
     5-grp         2,4,4,6,5    21 0.100000*  0.139991  0.159767  0.100000
     5-grp         3,6,6,6,4    25 0.100000*  0.141914  0.160851  0.100000
     5-grp         2,5,6,5,6    24 0.100000*  0.141637  0.160695  0.100000
     5-grp         6,5,6,5,4    26 0.100000*  0.142250  0.161041  0.100000
     5-grp         6,2,3,2,5    18 0.100000*  0.138243  0.158782  0.100000
--------------------------------------------------------------------------
  * E-P column shows pam6 values when exact computation is skipped due to large N/k

==========================================================================================
All tables reproduced successfully!
==========================================================================================